"pos","call_count","call_ratio","run_count","not_run_count"
"1","381","100.0","4","0"
